ENS scores:
Batch: 0 Scores: [0.2809611979479326, 0.3093101326877221, 0.02180929259198438] Best: 0.3093101326877221
Batch: 1 Scores: [0.2048135257887745, 0.24021229347964268, 0.013848880050360885] Best: 0.24021229347964268