ENS scores: 
Batch: 0 Scores: [0.28096119794793256, 0.3093101326877222, 0.12435116942702491] Best: 0.3093101326877222
Batch: 1 Scores: [0.20481352578877451, 0.24021229347964204, 0.13185929343470998] Best: 0.24021229347964204
